1000.00000000
737519.07599833
737519.07626528
737519.07627077
737519.07627266
737519.07628832
737519.07629798
737519.07632092
737519.07632609
737519.07634100
737519.07637174
737519.07638609
737519.07642080
737519.07642661
737519.07644793
737519.07645192
737519.07646214
737519.07647637
737519.07649543
737519.07650085
737519.07650491
737519.07650725
737519.07651502
737519.07653954
737519.07655351
737519.07655601
737519.07655796
737519.07656733
737519.07657030
737519.07659075
737519.07662079
737519.07662457
737519.07662668
737519.07662997
737519.07664175
737519.07665377
737519.07666408
737519.07667689
737519.07667929
737519.07668188
737519.07668937
737519.07674432
737519.07674627
737519.07676037
737519.07677986
737519.07678419
737519.07684177
737519.07687473
737519.07688291
737519.07689621
737519.07689880
737519.07691435
737519.07692030
737519.07692440
737519.07692741
737519.07693283
737519.07697698
737519.07698153
737519.07699140
737519.07699339
737519.07699584
737519.07701068
737519.07701537
737519.07702210
737519.07703076
737519.07708433
737519.07708977
737519.07709358
737519.07709617
737519.07709838
737519.07713338
737519.07713563
737519.07713795
737519.07717082
737519.07717407
737519.07718074
737519.07718810
737519.07719867
737519.07721879
737519.07722991
737519.07723230
737519.07724568
737519.07724773
737519.07725235
737519.07726501
737519.07727732
737519.07729929
737519.07732964
737519.07733205
737519.07734562
737519.07734806
737519.07735053
737519.07736489
737519.07737130
737519.07737459
737519.07738321
737519.07739695
737519.07741239
737519.07742802
737519.07745771
737519.07746718
737519.07747234
737519.07748627
737519.07749068
737519.07751098
737519.07751601
737519.07752521
737519.07752723
737519.07753094
737519.07753716
737519.07754421
737519.07755317
737519.07755507
737519.07756809
737519.07757610
737519.07759973
737519.07760224
737519.07762402
737519.07762805
737519.07765095
737519.07765528
737519.07766588
737519.07766837
737519.07769473
737519.07769789
737519.07772746
737519.07774723
737519.07775377
737519.07776074
737519.07777846
737519.07778187
737519.07779183
737519.07780727
737519.07781415
737519.07784090
737519.07784653
737519.07786404
737519.07786634
737519.07787848
737519.07788288
737519.07789053
737519.07789328
737519.07790102
737519.07792173
737519.07792618
737519.07795382
737519.07795887
737519.07799686
737519.07800336
737519.07800923
737519.07801281
737519.07801801
737519.07803177
737519.07805932
737519.07806128
737519.07806560
737519.07808636
737519.07809319
737519.07811316
737519.07811627
737519.07811901
737519.07812889
737519.07813258
737519.07814067
737519.07815043
737519.07817188
737519.07819658
737519.07821150
737519.07821502
737519.07821842
737519.07822490
737519.07823179
737519.07825140
737519.07826671
737519.07827959
737519.07828149
737519.07828646
737519.07828930
737519.07829164
737519.07830184
737519.07830437
737519.07830706
737519.07833862
737519.07835342
737519.07836077
737519.07836290
737519.07836682
737519.07837588
737519.07838032
737519.07841285
737519.07841745
737519.07843955
737519.07845398
737519.07846231
737519.07846833
737519.07848461
737519.07849582
737519.07850763
737519.07851849
737519.07853007
737519.07853416
737519.07854122
737519.07855260
737519.07855684
737519.07855868
737519.07856150
737519.07856523
737519.07860489
